   1.9900000e+02   2.0700000e+02   2.1100000e+02   2.0100000e+02   2.0100000e+02   1.9300000e+02   2.2000000e+02   2.0200000e+02   2.0800000e+02   1.9800000e+02
  -1.3359454e+01  -1.3497224e+01  -1.3792093e+01  -1.2979758e+01  -1.2581264e+01  -1.3138047e+01  -1.4358563e+01  -1.2734319e+01  -1.1708237e+01  -1.2321229e+01
  -1.3947788e+01  -1.4313392e+01  -1.4568650e+01  -1.3630797e+01  -1.3178032e+01  -1.3743694e+01  -1.4974611e+01  -1.3368701e+01  -1.2358537e+01  -1.2879085e+01
  -1.4495317e+01  -1.5066747e+01  -1.5308762e+01  -1.4264997e+01  -1.3764119e+01  -1.4343203e+01  -1.5585040e+01  -1.3972746e+01  -1.2994636e+01  -1.3414441e+01
  -1.4984962e+01  -1.5718081e+01  -1.5982793e+01  -1.4861933e+01  -1.4328499e+01  -1.4936573e+01  -1.6182499e+01  -1.4531452e+01  -1.3605635e+01  -1.3917296e+01
  -1.5410398e+01  -1.6251791e+01  -1.6575521e+01  -1.5406914e+01  -1.4866347e+01  -1.5521418e+01  -1.6755749e+01  -1.5039368e+01  -1.4182285e+01  -1.4385153e+01
  -1.5775417e+01  -1.6675077e+01  -1.7087353e+01  -1.5893134e+01  -1.5377666e+01  -1.6089212e+01  -1.7291386e+01  -1.5498878e+01  -1.4720955e+01  -1.4819795e+01
  -1.6087612e+01  -1.7004347e+01  -1.7523890e+01  -1.6318441e+01  -1.5860386e+01  -1.6624609e+01  -1.7775146e+01  -1.5914073e+01  -1.5216359e+01  -1.5222294e+01
  -1.6357424e+01  -1.7261200e+01  -1.7892344e+01  -1.6686779e+01  -1.6309685e+01  -1.7112265e+01  -1.8198814e+01  -1.6288021e+01  -1.5664205e+01  -1.5591936e+01
  -1.6592756e+01  -1.7464842e+01  -1.8203928e+01  -1.7003878e+01  -1.6721426e+01  -1.7539558e+01  -1.8557636e+01  -1.6623449e+01  -1.6061188e+01  -1.5926935e+01
  -1.6801205e+01  -1.7630075e+01  -1.8465450e+01  -1.7276190e+01  -1.7091822e+01  -1.7901720e+01  -1.8852907e+01  -1.6921722e+01  -1.6407970e+01  -1.6226578e+01
  -1.6986877e+01  -1.7768105e+01  -1.8686123e+01  -1.7510880e+01  -1.7418804e+01  -1.8199768e+01  -1.9090679e+01  -1.7185564e+01  -1.6707195e+01  -1.6492290e+01
  -1.7153889e+01  -1.7888128e+01  -1.8872351e+01  -1.7712605e+01  -1.7704439e+01  -1.8442574e+01  -1.9280899e+01  -1.7418388e+01  -1.6964806e+01  -1.6727291e+01
  -1.7304134e+01  -1.7993351e+01  -1.9030146e+01  -1.7886024e+01  -1.7951828e+01  -1.8638998e+01  -1.9433073e+01  -1.7624281e+01  -1.7186085e+01  -1.6936575e+01
  -1.7438881e+01  -1.8087770e+01  -1.9165112e+01  -1.8034721e+01  -1.8165108e+01  -1.8798937e+01  -1.9554987e+01  -1.7808016e+01  -1.7377312e+01  -1.7124790e+01
  -1.7559395e+01  -1.8171387e+01  -1.9281256e+01  -1.8161560e+01  -1.8347721e+01  -1.8929546e+01  -1.9651825e+01  -1.7973345e+01  -1.7542776e+01  -1.7296217e+01
  -1.7663776e+01  -1.8244602e+01  -1.9380978e+01  -1.8268335e+01  -1.8502426e+01  -1.9035603e+01  -1.9726183e+01  -1.8124355e+01  -1.7685783e+01  -1.7453360e+01
  -1.7750444e+01  -1.8305414e+01  -1.9467085e+01  -1.8356836e+01  -1.8632322e+01  -1.9120857e+01  -1.9777195e+01  -1.8262754e+01  -1.7809303e+01  -1.7597645e+01
  -1.7817503e+01  -1.8353825e+01  -1.9541176e+01  -1.8428856e+01  -1.8738791e+01  -1.9188038e+01  -1.9804432e+01  -1.8389904e+01  -1.7915651e+01  -1.7728003e+01
  -1.7860521e+01  -1.8388632e+01  -1.9603252e+01  -1.8486185e+01  -1.8822517e+01  -1.9238167e+01  -1.9806593e+01  -1.8506485e+01  -1.8005484e+01  -1.7844074e+01
  -1.7878550e+01  -1.8407835e+01  -1.9652914e+01  -1.8529181e+01  -1.8883158e+01  -1.9274656e+01  -1.9784977e+01  -1.8610796e+01  -1.8079134e+01  -1.7945501e+01
  -1.7867796e+01  -1.8411436e+01  -1.9689758e+01  -1.8559996e+01  -1.8920715e+01  -1.9299210e+01  -1.9738720e+01  -1.8701469e+01  -1.8135611e+01  -1.8031931e+01
  -1.7825411e+01  -1.8398634e+01  -1.9712587e+01  -1.8577909e+01  -1.8934841e+01  -1.9312849e+01  -1.9668253e+01  -1.8777145e+01  -1.8175243e+01  -1.8103359e+01
  -1.7746017e+01  -1.8369028e+01  -1.9722599e+01  -1.8581852e+01  -1.8925539e+01  -1.9314554e+01  -1.9577467e+01  -1.8835777e+01  -1.8197371e+01  -1.8160501e+01
  -1.7623289e+01  -1.8325018e+01  -1.9718594e+01  -1.8571102e+01  -1.8892805e+01  -1.9302618e+01  -1.9468523e+01  -1.8875662e+01  -1.8201334e+01  -1.8204073e+01
  -1.7449636e+01  -1.8265007e+01  -1.9702574e+01  -1.8541721e+01  -1.8835955e+01  -1.9271927e+01  -1.9345745e+01  -1.8896114e+01  -1.8189774e+01  -1.8233358e+01
  -1.7213671e+01  -1.8190590e+01  -1.9672537e+01  -1.8492992e+01  -1.8755329e+01  -1.9218046e+01  -1.9211729e+01  -1.8896456e+01  -1.8165005e+01  -1.8245144e+01
  -1.6906534e+01  -1.8101372e+01  -1.9629284e+01  -1.8422405e+01  -1.8649551e+01  -1.9131428e+01  -1.9070362e+01  -1.8875662e+01  -1.8129005e+01  -1.8236929e+01
  -1.6519373e+01  -1.7995350e+01  -1.9571213e+01  -1.8328888e+01  -1.8518620e+01  -1.9002865e+01  -1.8923374e+01  -1.8832710e+01  -1.8083427e+01  -1.8203716e+01
  -1.6047758e+01  -1.7872524e+01  -1.9499525e+01  -1.8209574e+01  -1.8358402e+01  -1.8820419e+01  -1.8773361e+01  -1.8764534e+01  -1.8028603e+01  -1.8140501e+01
  -1.5493587e+01  -1.7730095e+01  -1.9413017e+01  -1.8061951e+01  -1.8166142e+01  -1.8570114e+01  -1.8619888e+01  -1.8667042e+01  -1.7962549e+01  -1.8040859e+01
  -1.4865082e+01  -1.7566462e+01  -1.9312895e+01  -1.7881367e+01  -1.7934946e+01  -1.8238644e+01  -1.8464687e+01  -1.8534098e+01  -1.7881634e+01  -1.7897287e+01
  -1.4175529e+01  -1.7379223e+01  -1.9201557e+01  -1.7658859e+01  -1.7657579e+01  -1.7814077e+01  -1.8305597e+01  -1.8356497e+01  -1.7781891e+01  -1.7702288e+01
  -1.3444225e+01  -1.7164780e+01  -1.9077003e+01  -1.7387264e+01  -1.7323706e+01  -1.7289593e+01  -1.8140451e+01  -1.8123674e+01  -1.7655729e+01  -1.7445147e+01
  -1.2693310e+01  -1.6918728e+01  -1.8938833e+01  -1.7055832e+01  -1.6923334e+01  -1.6663826e+01  -1.7967094e+01  -1.7825060e+01  -1.7494888e+01  -1.7117647e+01
  -1.1949036e+01  -1.6635071e+01  -1.8783041e+01  -1.6654531e+01  -1.6445438e+01  -1.5945985e+01  -1.7782495e+01  -1.7450771e+01  -1.7290121e+01  -1.6709433e+01
  -1.1238607e+01  -1.6307802e+01  -1.8605623e+01  -1.6176910e+01  -1.5882438e+01  -1.5150732e+01  -1.7584496e+01  -1.6992624e+01  -1.7029867e+01  -1.6215506e+01
  -1.0590492e+01  -1.5930525e+01  -1.8398968e+01  -1.5618672e+01  -1.5230541e+01  -1.4300917e+01  -1.7368338e+01  -1.6446531e+01  -1.6704222e+01  -1.5633365e+01
  -1.0029677e+01  -1.5496036e+01  -1.8154266e+01  -1.4981248e+01  -1.4492850e+01  -1.3423820e+01  -1.7131430e+01  -1.5811808e+01  -1.6304266e+01  -1.4966223e+01
  -9.5735610e+00  -1.5000733e+01  -1.7860306e+01  -1.4271446e+01  -1.3683148e+01  -1.2549792e+01  -1.6868582e+01  -1.5094250e+01  -1.5823725e+01  -1.4224082e+01
  -9.2262540e+00  -1.4439817e+01  -1.7505468e+01  -1.3504316e+01  -1.2824520e+01  -1.1712594e+01  -1.6574175e+01  -1.4306810e+01  -1.5262927e+01  -1.3425155e+01
  -8.9833300e+00  -1.3816489e+01  -1.7078543e+01  -1.2702788e+01  -1.1949697e+01  -1.0943941e+01  -1.6239565e+01  -1.3471648e+01  -1.4626167e+01  -1.2594442e+01
  -8.8311850e+00  -1.3137149e+01  -1.6571918e+01  -1.1891945e+01  -1.1098993e+01  -1.0274864e+01  -1.5857831e+01  -1.2618077e+01  -1.3924675e+01  -1.1764801e+01
  -8.7565360e+00  -1.2414200e+01  -1.5981591e+01  -1.1104750e+01  -1.0313410e+01  -9.7244630e+00  -1.5420328e+01  -1.1781551e+01  -1.3174302e+01  -1.0972303e+01
  -8.7476800e+00  -1.1668046e+01  -1.5309563e+01  -1.0372733e+01  -9.6284360e+00  -9.2985320e+00  -1.4921437e+01  -1.0999907e+01  -1.2398170e+01  -1.0251591e+01
  -8.7960750e+00  -1.0923492e+01  -1.4565446e+01  -9.7252760e+00  -9.0650900e+00  -8.9905930e+00  -1.4358130e+01  -1.0306211e+01  -1.1622697e+01  -9.6294490e+00
  -8.8947630e+00  -1.0210146e+01  -1.3766863e+01  -9.1835190e+00  -8.6278510e+00  -8.7842770e+00  -1.3732572e+01  -9.7233010e+00  -1.0880251e+01  -9.1169500e+00
  -9.0399480e+00  -9.5588110e+00  -1.2937441e+01  -8.7567790e+00  -8.3098280e+00  -8.6632160e+00  -1.3052108e+01  -9.2579970e+00  -1.0200887e+01  -8.7119510e+00
  -9.2291010e+00  -8.9938950e+00  -1.2106817e+01  -8.4407540e+00  -8.0951700e+00  -8.6113820e+00  -1.2328413e+01  -8.9038190e+00  -9.6087130e+00  -8.4023080e+00
  -9.4603220e+00  -8.5297990e+00  -1.1308634e+01  -8.2207550e+00  -7.9666520e+00  -8.6192250e+00  -1.1578779e+01  -8.6454300e+00  -9.1182630e+00  -8.1733810e+00
  -9.7313990e+00  -8.1713250e+00  -1.0573729e+01  -8.0774330e+00  -7.9091110e+00  -8.6829950e+00  -1.0822660e+01  -8.4671490e+00  -8.7298660e+00  -8.0148100e+00
  -1.0041698e+01  -7.9116720e+00  -9.9293350e+00  -7.9960980e+00  -7.9101450e+00  -8.8047380e+00  -1.0081674e+01  -8.3570430e+00  -8.4349360e+00  -7.9169530e+00
  -1.0392799e+01  -7.7384360e+00  -9.3914730e+00  -7.9634920e+00  -7.9618280e+00  -8.9902520e+00  -9.3782970e+00  -8.3089790e+00  -8.2248840e+00  -7.8733820e+00
  -1.0786603e+01  -7.6384150e+00  -8.9669490e+00  -7.9746000e+00  -8.0600260e+00  -9.2490840e+00  -8.7341480e+00  -8.3181830e+00  -8.0894740e+00  -7.8815960e+00
  -1.1227537e+01  -7.6000080e+00  -8.6493580e+00  -8.0276290e+00  -8.2030160e+00  -9.5918060e+00  -8.1678160e+00  -8.3839730e+00  -8.0224290e+00  -7.9419530e+00
  -1.1716550e+01  -7.6144100e+00  -8.4270840e+00  -8.1261630e+00  -8.3932090e+00  -1.0022853e+01  -7.6905400e+00  -8.5063500e+00  -8.0187960e+00  -8.0565950e+00
  -1.2251427e+01  -7.6760230e+00  -8.2849090e+00  -8.2773670e+00  -8.6340530e+00  -1.0543245e+01  -7.3062130e+00  -8.6866770e+00  -8.0762620e+00  -8.2283800e+00
  -1.2818884e+01  -7.7816450e+00  -8.2084150e+00  -8.4916330e+00  -8.9327810e+00  -1.1141048e+01  -7.0092120e+00  -8.9276810e+00  -8.1958200e+00  -8.4630230e+00
  -1.3401524e+01  -7.9308760e+00  -8.1867890e+00  -8.7807860e+00  -9.3004210e+00  -1.1794438e+01  -6.7883000e+00  -9.2361790e+00  -8.3807710e+00  -8.7644510e+00
  -1.3976255e+01  -8.1269160e+00  -8.2096170e+00  -9.1580800e+00  -9.7462740e+00  -1.2475791e+01  -6.6313700e+00  -9.6152410e+00  -8.6363990e+00  -9.1365930e+00
  -1.4524101e+01  -8.3745670e+00  -8.2728950e+00  -9.6296090e+00  -1.0273786e+01  -1.3159531e+01  -6.5263170e+00  -1.0068274e+01  -8.9679900e+00  -9.5801630e+00
  -1.5033042e+01  -8.6822310e+00  -8.3726180e+00  -1.0195373e+01  -1.0874344e+01  -1.3829630e+01  -6.4649280e+00  -1.0590507e+01  -9.3795060e+00  -1.0091948e+01
  -1.5496433e+01  -9.0615090e+00  -8.5103870e+00  -1.0842470e+01  -1.1526585e+01  -1.4480973e+01  -6.4402860e+00  -1.1170690e+01  -9.8709470e+00  -1.0659804e+01
  -1.5913960e+01  -9.5248040e+00  -8.6906090e+00  -1.1550122e+01  -1.2199499e+01  -1.5113220e+01  -6.4497970e+00  -1.1793482e+01  -1.0434717e+01  -1.1266946e+01
  -1.6286572e+01  -1.0083320e+01  -8.9228950e+00  -1.2294321e+01  -1.2862765e+01  -1.5723982e+01  -6.4930290e+00  -1.2439455e+01  -1.1056615e+01  -1.1890515e+01
  -1.6617746e+01  -1.0741055e+01  -9.2184590e+00  -1.3055002e+01  -1.3495022e+01  -1.6306780e+01  -6.5734390e+00  -1.3094291e+01  -1.1713851e+01  -1.2514442e+01
  -1.6910963e+01  -1.1487209e+01  -9.5945220e+00  -1.3817474e+01  -1.4083521e+01  -1.6852068e+01  -6.6940550e+00  -1.3748445e+01  -1.2384298e+01  -1.3126227e+01
  -1.7170336e+01  -1.2298176e+01  -1.0065904e+01  -1.4568481e+01  -1.4625159e+01  -1.7347567e+01  -6.8617930e+00  -1.4393736e+01  -1.3049460e+01  -1.3720511e+01
  -1.7398394e+01  -1.3135149e+01  -1.0646218e+01  -1.5293331e+01  -1.5119250e+01  -1.7785091e+01  -7.0853000e+00  -1.5023005e+01  -1.3695798e+01  -1.4291939e+01
  -1.7596403e+01  -1.3960519e+01  -1.1336669e+01  -1.5975544e+01  -1.5565792e+01  -1.8157141e+01  -7.3736540e+00  -1.5625686e+01  -1.4317035e+01  -1.4833009e+01
  -1.7763414e+01  -1.4744281e+01  -1.2126041e+01  -1.6602936e+01  -1.5967542e+01  -1.8462011e+01  -7.7359340e+00  -1.6190529e+01  -1.4906897e+01  -1.5333722e+01
  -1.7896263e+01  -1.5467629e+01  -1.2987903e+01  -1.7164040e+01  -1.6325533e+01  -1.8698677e+01  -8.1833790e+00  -1.6708328e+01  -1.5459106e+01  -1.5783721e+01
  -1.7989574e+01  -1.6124565e+01  -1.3886209e+01  -1.7655634e+01  -1.6642523e+01  -1.8865776e+01  -8.7237730e+00  -1.7173292e+01  -1.5965410e+01  -1.6175863e+01
  -1.8036388e+01  -1.6714287e+01  -1.4786519e+01  -1.8076643e+01  -1.6919201e+01  -1.8960238e+01  -9.3614370e+00  -1.7581329e+01  -1.6419861e+01  -1.6505861e+01
  -1.8026266e+01  -1.7241196e+01  -1.5660796e+01  -1.8431364e+01  -1.7157631e+01  -1.8976948e+01  -1.0092481e+01  -1.7930052e+01  -1.6816513e+01  -1.6771933e+01
  -1.7947823e+01  -1.7707691e+01  -1.6492220e+01  -1.8722666e+01  -1.7355061e+01  -1.8907379e+01  -1.0900909e+01  -1.8215031e+01  -1.7151407e+01  -1.6974791e+01
  -1.7788086e+01  -1.8118176e+01  -1.7271580e+01  -1.8954130e+01  -1.7509766e+01  -1.8738916e+01  -1.1760784e+01  -1.8432514e+01  -1.7424540e+01  -1.7114431e+01
  -1.7534723e+01  -1.8476650e+01  -1.7991667e+01  -1.9128267e+01  -1.7617266e+01  -1.8460648e+01  -1.2639247e+01  -1.8575686e+01  -1.7635252e+01  -1.7189789e+01
  -1.7176029e+01  -1.8784313e+01  -1.8646473e+01  -1.9244358e+01  -1.7669640e+01  -1.8060293e+01  -1.3507336e+01  -1.8639090e+01  -1.7786184e+01  -1.7199432e+01
  -1.6704414e+01  -1.9040766e+01  -1.9228390e+01  -1.9301685e+01  -1.7659647e+01  -1.7529327e+01  -1.4343864e+01  -1.8615910e+01  -1.7880972e+01  -1.7138004e+01
  -1.6116081e+01  -1.9242407e+01  -1.9731409e+01  -1.9295237e+01  -1.7577642e+01  -1.6866390e+01  -1.5138891e+01  -1.8500349e+01  -1.7923576e+01  -1.6998718e+01
  -1.5416723e+01  -1.9384836e+01  -2.0152328e+01  -1.9218559e+01  -1.7412601e+01  -1.6080004e+01  -1.5889822e+01  -1.8285934e+01  -1.7916971e+01  -1.6773361e+01
  -1.4620892e+01  -1.9461252e+01  -2.0488743e+01  -1.9064131e+01  -1.7156254e+01  -1.5189949e+01  -1.6593197e+01  -1.7969936e+01  -1.7860497e+01  -1.6454433e+01
  -1.3756421e+01  -1.9462852e+01  -2.0741455e+01  -1.8823708e+01  -1.6801018e+01  -1.4227597e+01  -1.7247290e+01  -1.7550310e+01  -1.7750185e+01  -1.6036221e+01
  -1.2860320e+01  -1.9381636e+01  -2.0911263e+01  -1.8485468e+01  -1.6343451e+01  -1.3235919e+01  -1.7846910e+01  -1.7027054e+01  -1.7580097e+01  -1.5516579e+01
  -1.1979402e+01  -1.9208401e+01  -2.0998171e+01  -1.8041170e+01  -1.5782861e+01  -1.2262314e+01  -1.8387304e+01  -1.6405285e+01  -1.7340321e+01  -1.4900509e+01
  -1.1161112e+01  -1.8935144e+01  -2.1002575e+01  -1.7480782e+01  -1.5123384e+01  -1.1357254e+01  -1.8864580e+01  -1.5691817e+01  -1.7021612e+01  -1.4198367e+01
  -1.0447520e+01  -1.8555065e+01  -2.0921276e+01  -1.6801077e+01  -1.4377769e+01  -1.0565412e+01  -1.9274847e+01  -1.4899606e+01  -1.6615049e+01  -1.3431227e+01
  -9.8705740e+00  -1.8062963e+01  -2.0749063e+01  -1.6006357e+01  -1.3565656e+01  -9.9181600e+00  -1.9617239e+01  -1.4049103e+01  -1.6115353e+01  -1.2627657e+01
  -9.4438740e+00  -1.7458040e+01  -2.0480333e+01  -1.5113821e+01  -1.2716675e+01  -9.4298230e+00  -1.9889597e+01  -1.3168603e+01  -1.5523840e+01  -1.1823373e+01
  -9.1671050e+00  -1.6743893e+01  -2.0105471e+01  -1.4152131e+01  -1.1865971e+01  -9.0973310e+00  -2.0091488e+01  -1.2293216e+01  -1.4850090e+01  -1.1056589e+01
  -9.0288780e+00  -1.5928124e+01  -1.9618872e+01  -1.3159986e+01  -1.1055579e+01  -8.9063620e+00  -2.0220318e+01  -1.1461803e+01  -1.4112598e+01  -1.0364804e+01
  -9.0136960e+00  -1.5024738e+01  -1.9016129e+01  -1.2183963e+01  -1.0325469e+01  -8.8398630e+00  -2.0274359e+01  -1.0714248e+01  -1.3339767e+01  -9.7762350e+00
  -9.1051080e+00  -1.4053739e+01  -1.8298845e+01  -1.1272795e+01  -9.7083730e+00  -8.8818080e+00  -2.0247986e+01  -1.0081569e+01  -1.2564956e+01  -9.3112350e+00
  -9.2926790e+00  -1.3042729e+01  -1.7475832e+01  -1.0470551e+01  -9.2235850e+00  -9.0226480e+00  -2.0136017e+01  -9.5852430e+00  -1.1823170e+01  -8.9740930e+00
  -9.5694490e+00  -1.2027320e+01  -1.6562305e+01  -9.8094780e+00  -8.8724840e+00  -9.2531760e+00  -1.9930668e+01  -9.2317490e+00  -1.1147769e+01  -8.7612360e+00
  -9.9316220e+00  -1.1051119e+01  -1.5581899e+01  -9.3057010e+00  -8.6440450e+00  -9.5679350e+00  -1.9623724e+01  -9.0176730e+00  -1.0564182e+01  -8.6640940e+00
  -1.0374137e+01  -1.0158535e+01  -1.4567449e+01  -8.9545630e+00  -8.5234510e+00  -9.9587410e+00  -1.9206108e+01  -8.9324530e+00  -1.0092558e+01  -8.6726660e+00
  -1.0889403e+01  -9.3919770e+00  -1.3557805e+01  -8.7431630e+00  -8.4969210e+00  -1.0410931e+01  -1.8670902e+01  -8.9665410e+00  -9.7428030e+00  -8.7794500e+00
  -1.1464452e+01  -8.7786500e+00  -1.2596220e+01  -8.6514370e+00  -8.5575620e+00  -1.0903359e+01  -1.8012918e+01  -9.1103940e+00  -9.5162370e+00  -8.9801650e+00
  -1.2076824e+01  -8.3301580e+00  -1.1730353e+01  -8.6650520e+00  -8.7026200e+00  -1.1408748e+01  -1.7235186e+01  -9.3561710e+00  -9.4072480e+00  -9.2683780e+00
  -1.2702482e+01  -8.0408980e+00  -1.0999454e+01  -8.7739770e+00  -8.9300250e+00  -1.1899131e+01  -1.6347643e+01  -9.6967120e+00  -9.4046070e+00  -9.6365920e+00
  -1.3319283e+01  -7.8956690e+00  -1.0428750e+01  -8.9724780e+00  -9.2415020e+00  -1.2355753e+01  -1.5371909e+01  -1.0122816e+01  -9.4954310e+00  -1.0072662e+01
  -1.3910780e+01  -7.8780650e+00  -1.0027456e+01  -9.2619890e+00  -9.6353270e+00  -1.2773158e+01  -1.4341702e+01  -1.0619823e+01  -9.6648590e+00  -1.0556590e+01
  -1.4468748e+01  -7.9712840e+00  -9.7871600e+00  -9.6396420e+00  -1.0106333e+01  -1.3156121e+01  -1.3300689e+01  -1.1171712e+01  -9.8967080e+00  -1.1066232e+01
  -1.4986228e+01  -8.1625230e+00  -9.6914420e+00  -1.0100780e+01  -1.0643837e+01  -1.3512825e+01  -1.2298583e+01  -1.1760416e+01  -1.0171162e+01  -1.1577659e+01
  -1.5458159e+01  -8.4425810e+00  -9.7226800e+00  -1.0633221e+01  -1.1227857e+01  -1.3848045e+01  -1.1387696e+01  -1.2370937e+01  -1.0467084e+01  -1.2073730e+01
  -1.5882013e+01  -8.8010550e+00  -9.8656570e+00  -1.1217257e+01  -1.1830482e+01  -1.4159736e+01  -1.0610394e+01  -1.2988957e+01  -1.0764326e+01  -1.2547299e+01
  -1.6256521e+01  -9.2271430e+00  -1.0110759e+01  -1.1827450e+01  -1.2421391e+01  -1.4440734e+01  -9.9956430e+00  -1.3602206e+01  -1.1052321e+01  -1.2995871e+01
  -1.6583584e+01  -9.7036410e+00  -1.0448775e+01  -1.2440151e+01  -1.2976124e+01  -1.4683197e+01  -9.5546820e+00  -1.4196706e+01  -1.1328096e+01  -1.3421941e+01
  -1.6865099e+01  -1.0204945e+01  -1.0868893e+01  -1.3037086e+01  -1.3482963e+01  -1.4879282e+01  -9.2805940e+00  -1.4756094e+01  -1.1595614e+01  -1.3825869e+01
  -1.7104860e+01  -1.0703047e+01  -1.1355892e+01  -1.3605717e+01  -1.3940531e+01  -1.5025578e+01  -9.1539260e+00  -1.5267077e+01  -1.1858839e+01  -1.4205868e+01
  -1.7306032e+01  -1.1170744e+01  -1.1888148e+01  -1.4137082e+01  -1.4351928e+01  -1.5124132e+01  -9.1556550e+00  -1.5719088e+01  -1.2118761e+01  -1.4560152e+01
  -1.7470196e+01  -1.1592431e+01  -1.2442431e+01  -1.4624376e+01  -1.4722323e+01  -1.5178696e+01  -9.2676250e+00  -1.6107353e+01  -1.2373399e+01  -1.4886223e+01
  -1.7598934e+01  -1.1962907e+01  -1.2997114e+01  -1.5061508e+01  -1.5055163e+01  -1.5196428e+01  -9.4777300e+00  -1.6431873e+01  -1.2618129e+01  -1.5182294e+01
  -1.7689398e+01  -1.2286174e+01  -1.3540984e+01  -1.5447761e+01  -1.5351480e+01  -1.5183810e+01  -9.7760270e+00  -1.6695375e+01  -1.2847006e+01  -1.5448365e+01
  -1.7739374e+01  -1.2570632e+01  -1.4068434e+01  -1.5783134e+01  -1.5610929e+01  -1.5146298e+01  -1.0152573e+01  -1.6904678e+01  -1.3056396e+01  -1.5685150e+01
  -1.7743170e+01  -1.2823085e+01  -1.4579464e+01  -1.6069061e+01  -1.5833510e+01  -1.5086280e+01  -1.0595695e+01  -1.7068300e+01  -1.3243989e+01  -1.5894435e+01
  -1.7696672e+01  -1.3045930e+01  -1.5074073e+01  -1.6308050e+01  -1.6018881e+01  -1.5001707e+01  -1.1088534e+01  -1.7194086e+01  -1.3410775e+01  -1.6079077e+01
  -1.7594505e+01  -1.3238770e+01  -1.5552262e+01  -1.6502968e+01  -1.6167038e+01  -1.4887466e+01  -1.1608176e+01  -1.7290216e+01  -1.3560058e+01  -1.6240862e+01
  -1.7433821e+01  -1.3398403e+01  -1.6011227e+01  -1.6655605e+01  -1.6280397e+01  -1.4734349e+01  -1.2130413e+01  -1.7361120e+01  -1.3696789e+01  -1.6381933e+01
  -1.7212721e+01  -1.3520828e+01  -1.6447765e+01  -1.6767756e+01  -1.6360332e+01  -1.4534172e+01  -1.2636221e+01  -1.7410547e+01  -1.3825264e+01  -1.6504433e+01
  -1.6933105e+01  -1.3603645e+01  -1.6861876e+01  -1.6842999e+01  -1.6409948e+01  -1.4277045e+01  -1.3120846e+01  -1.7440886e+01  -1.3950766e+01  -1.6609434e+01
  -1.6595921e+01  -1.3646454e+01  -1.7253157e+01  -1.6883846e+01  -1.6431656e+01  -1.3957170e+01  -1.3586449e+01  -1.7453157e+01  -1.4074617e+01  -1.6696575e+01
  -1.6207178e+01  -1.3650855e+01  -1.7621210e+01  -1.6894238e+01  -1.6428555e+01  -1.3572162e+01  -1.4042109e+01  -1.7449068e+01  -1.4197147e+01  -1.6763361e+01
  -1.5770356e+01  -1.3622049e+01  -1.7967638e+01  -1.6878113e+01  -1.6402369e+01  -1.3125089e+01  -1.4490419e+01  -1.7428614e+01  -1.4317696e+01  -1.6804075e+01
  -1.5290517e+01  -1.3563637e+01  -1.8293238e+01  -1.6837982e+01  -1.6353443e+01  -1.2624134e+01  -1.4928786e+01  -1.7392822e+01  -1.4434280e+01  -1.6812290e+01
  -1.4771455e+01  -1.3482821e+01  -1.8597612e+01  -1.6771696e+01  -1.6280741e+01  -1.2082939e+01  -1.5347699e+01  -1.7340326e+01  -1.4544921e+01  -1.6777290e+01
  -1.4216650e+01  -1.3381200e+01  -1.8879961e+01  -1.6673880e+01  -1.6180820e+01  -1.1520260e+01  -1.5737215e+01  -1.7267376e+01  -1.4649286e+01  -1.6686577e+01
  -1.3628633e+01  -1.3262775e+01  -1.9136677e+01  -1.6536648e+01  -1.6047823e+01  -1.0958263e+01  -1.6088255e+01  -1.7167156e+01  -1.4747046e+01  -1.6526218e+01
  -1.3010567e+01  -1.3127947e+01  -1.9360954e+01  -1.6349255e+01  -1.5873135e+01  -1.0422525e+01  -1.6397360e+01  -1.7030123e+01  -1.4836879e+01  -1.6283720e+01
  -1.2366879e+01  -1.2977917e+01  -1.9543579e+01  -1.6100233e+01  -1.5646418e+01  -9.9375980e+00  -1.6664963e+01  -1.6843660e+01  -1.4919447e+01  -1.5947650e+01
  -1.1707376e+01  -1.2813883e+01  -1.9672937e+01  -1.5779193e+01  -1.5356647e+01  -9.5218980e+00  -1.6895386e+01  -1.6595839e+01  -1.4992105e+01  -1.5513365e+01
  -1.1046609e+01  -1.2637846e+01  -1.9739820e+01  -1.5378608e+01  -1.4995899e+01  -9.1856550e+00  -1.7095980e+01  -1.6275408e+01  -1.5050894e+01  -1.4982294e+01
  -1.0406084e+01  -1.2451407e+01  -1.9734213e+01  -1.4895255e+01  -1.4557971e+01  -8.9271630e+00  -1.7274094e+01  -1.5872826e+01  -1.5087554e+01  -1.4364081e+01
  -9.8117410e+00  -1.2256568e+01  -1.9649710e+01  -1.4331642e+01  -1.4045620e+01  -8.7355120e+00  -1.7434483e+01  -1.5384341e+01  -1.5091187e+01  -1.3678012e+01
  -9.2888830e+00  -1.2050925e+01  -1.9480301e+01  -1.3699234e+01  -1.3466424e+01  -8.5956950e+00  -1.7581038e+01  -1.4811658e+01  -1.5048912e+01  -1.2948728e+01
  -8.8561740e+00  -1.1830880e+01  -1.9221182e+01  -1.3014514e+01  -1.2835890e+01  -8.4964580e+00  -1.7713326e+01  -1.4162617e+01  -1.4947519e+01  -1.2204443e+01
  -8.5196220e+00  -1.1590830e+01  -1.8867146e+01  -1.2300771e+01  -1.2176758e+01  -8.4316650e+00  -1.7829618e+01  -1.3452217e+01  -1.4774458e+01  -1.1475874e+01
  -8.2732180e+00  -1.1324375e+01  -1.8416990e+01  -1.1585953e+01  -1.1515903e+01  -8.4019970e+00  -1.7923429e+01  -1.2701935e+01  -1.4519490e+01  -1.0794804e+01
  -8.1033600e+00  -1.1026714e+01  -1.7869516e+01  -1.0900516e+01  -1.0885369e+01  -8.4122270e+00  -1.7986116e+01  -1.1937335e+01  -1.4176340e+01  -1.0189447e+01
  -7.9948670e+00  -1.0697446e+01  -1.7232330e+01  -1.0273482e+01  -1.0313066e+01  -8.4678130e+00  -1.8007299e+01  -1.1189097e+01  -1.3742697e+01  -9.6815920e+00
  -7.9347680e+00  -1.0336971e+01  -1.6515848e+01  -9.7292180e+00  -9.8244880e+00  -8.5765970e+00  -1.7974010e+01  -1.0487901e+01  -1.3221861e+01  -9.2823070e+00
  -7.9145250e+00  -9.9512920e+00  -1.5737290e+01  -9.2852780e+00  -9.4310060e+00  -8.7464240e+00  -1.7871552e+01  -9.8599950e+00  -1.2624074e+01  -8.9923080e+00
  -7.9290750e+00  -9.5492100e+00  -1.4917080e+01  -8.9456050e+00  -9.1329670e+00  -8.9837720e+00  -1.7685658e+01  -9.3251500e+00  -1.1966837e+01  -8.8012360e+00
  -7.9774700e+00  -9.1415250e+00  -1.4078446e+01  -8.7048240e+00  -8.9210660e+00  -9.2944390e+00  -1.7405085e+01  -8.8915470e+00  -1.1274262e+01  -8.6923080e+00
  -8.0638220e+00  -8.7398420e+00  -1.3245821e+01  -8.5482450e+00  -8.7804890e+00  -9.6814940e+00  -1.7020758e+01  -8.5571410e+00  -1.0576073e+01  -8.6462360e+00
  -8.1928760e+00  -8.3557630e+00  -1.2446836e+01  -8.4636850e+00  -8.6977960e+00  -1.0142209e+01  -1.6531376e+01  -8.3117060e+00  -9.9059550e+00  -8.6476650e+00
  -8.3719060e+00  -7.9992900e+00  -1.1705924e+01  -8.4407540e+00  -8.6605830e+00  -1.0668399e+01  -1.5940835e+01  -8.1419460e+00  -9.2959480e+00  -8.6880230e+00
  -8.6072390e+00  -7.6788240e+00  -1.1049114e+01  -8.4704930e+00  -8.6592050e+00  -1.1243013e+01  -1.5261668e+01  -8.0369540e+00  -8.7728010e+00  -8.7687370e+00
  -8.9052020e+00  -7.3999660e+00  -1.0494431e+01  -8.5482450e+00  -8.6884930e+00  -1.1842863e+01  -1.4511602e+01  -7.9882080e+00  -8.3517070e+00  -8.8958790e+00
  -9.2683240e+00  -7.1651180e+00  -1.0051085e+01  -8.6715020e+00  -8.7474120e+00  -1.2445440e+01  -1.3716576e+01  -7.9919580e+00  -8.0356400e+00  -9.0780220e+00
  -9.6962880e+00  -6.9754790e+00  -9.7146700e+00  -8.8399060e+00  -8.8397520e+00  -1.3030968e+01  -1.2902959e+01  -8.0468400e+00  -7.8176620e+00  -9.3183780e+00
  -1.0184352e+01  -6.8306490e+00  -9.4711700e+00  -9.0556050e+00  -8.9703380e+00  -1.3588190e+01  -1.2100151e+01  -8.1566040e+00  -7.6878660e+00  -9.6158770e+00
  -1.0720494e+01  -6.7298280e+00  -9.3021620e+00  -9.3203920e+00  -9.1457160e+00  -1.4105172e+01  -1.1336683e+01  -8.3250000e+00  -7.6327110e+00  -9.9640910e+00
  -1.1291115e+01  -6.6730170e+00  -9.1916270e+00  -9.6349840e+00  -9.3738110e+00  -1.4571684e+01  -1.0640224e+01  -8.5581640e+00  -7.6432800e+00  -1.0352304e+01
  -1.1880713e+01  -6.6602140e+00  -9.1263460e+00  -9.9990220e+00  -9.6615130e+00  -1.4976131e+01  -1.0033254e+01  -8.8601870e+00  -7.7116460e+00  -1.0766589e+01
  -1.2482016e+01  -6.6958210e+00  -9.0991130e+00  -1.0407130e+01  -1.0012269e+01  -1.5308623e+01  -9.5300400e+00  -9.2341350e+00  -7.8341760e+00  -1.1194446e+01
  -1.3090909e+01  -6.7850390e+00  -9.1075230e+00  -1.0849278e+01  -1.0424011e+01  -1.5559612e+01  -9.1349040e+00  -9.6786450e+00  -8.0088870e+00  -1.1627302e+01
  -1.3705179e+01  -6.9338700e+00  -9.1527790e+00  -1.1312566e+01  -1.0887093e+01  -1.5723982e+01  -8.8396330e+00  -1.0186561e+01  -8.2344620e+00  -1.2058729e+01
  -1.4318185e+01  -7.1503150e+00  -9.2372830e+00  -1.1784095e+01  -1.1384284e+01  -1.5797983e+01  -8.6303930e+00  -1.0745608e+01  -8.5105670e+00  -1.2484086e+01
  -1.4916007e+01  -7.4411750e+00  -9.3674430e+00  -1.2253833e+01  -1.1899048e+01  -1.5780591e+01  -8.4920520e+00  -1.1336699e+01  -8.8385250e+00  -1.2895156e+01
  -1.5478720e+01  -7.8104510e+00  -9.5480650e+00  -1.2715688e+01  -1.2417602e+01  -1.5675217e+01  -8.4116410e+00  -1.1940062e+01  -9.2156930e+00  -1.3281227e+01
  -1.5984813e+01  -8.2601430e+00  -9.7871600e+00  -1.3159986e+01  -1.2932365e+01  -1.5484929e+01  -8.3805150e+00  -1.2539675e+01  -9.6400890e+00  -1.3631226e+01
  -1.6413094e+01  -8.7878520e+00  -1.0091134e+01  -1.3576694e+01  -1.3435414e+01  -1.5215184e+01  -8.3952130e+00  -1.3123607e+01  -1.0102797e+01  -1.3935154e+01
  -1.6747747e+01  -9.3823750e+00  -1.0467197e+01  -1.3952913e+01  -1.3918135e+01  -1.4874508e+01  -8.4561700e+00  -1.3685722e+01  -1.0590604e+01  -1.4182653e+01
  -1.6977388e+01  -1.0023307e+01  -1.0918553e+01  -1.4276463e+01  -1.4370534e+01  -1.4470743e+01  -8.5659780e+00  -1.4219204e+01  -1.1086999e+01  -1.4368011e+01
  -1.7096319e+01  -1.0681843e+01  -1.1440396e+01  -1.4539100e+01  -1.4779864e+01  -1.4013780e+01  -8.7298250e+00  -1.4713484e+01  -1.1576128e+01  -1.4486224e+01
  -1.7103910e+01  -1.1325175e+01  -1.2021512e+01  -1.4736884e+01  -1.5136133e+01  -1.3511120e+01  -8.9537640e+00  -1.5155608e+01  -1.2048744e+01  -1.4536939e+01
  -1.7001427e+01  -1.1930100e+01  -1.2642277e+01  -1.4868740e+01  -1.5429349e+01  -1.2972995e+01  -9.2442800e+00  -1.5532966e+01  -1.2501874e+01  -1.4521938e+01
  -1.6790449e+01  -1.2481814e+01  -1.3281064e+01  -1.4937893e+01  -1.5653309e+01  -1.2408270e+01  -9.6069920e+00  -1.5833965e+01  -1.2935187e+01  -1.4445510e+01
  -1.6473192e+01  -1.2971115e+01  -1.3918249e+01  -1.4945417e+01  -1.5801123e+01  -1.1831609e+01  -1.0040604e+01  -1.6051788e+01  -1.3345382e+01  -1.4311939e+01
  -1.6050604e+01  -1.3390801e+01  -1.4538213e+01  -1.4892747e+01  -1.5868655e+01  -1.1260405e+01  -1.0541224e+01  -1.6181665e+01  -1.3728495e+01  -1.4124082e+01
  -1.5527748e+01  -1.3730472e+01  -1.5126137e+01  -1.4779881e+01  -1.5851427e+01  -1.0715800e+01  -1.1095019e+01  -1.6221889e+01  -1.4077259e+01  -1.3882654e+01
  -1.4911263e+01  -1.3979723e+01  -1.5668406e+01  -1.4603237e+01  -1.5747027e+01  -1.0220984e+01  -1.1683399e+01  -1.6173143e+01  -1.4386062e+01  -1.3586226e+01
  -1.4214120e+01  -1.4131354e+01  -1.6152201e+01  -1.4358156e+01  -1.5552355e+01  -9.7950530e+00  -1.2286478e+01  -1.6036449e+01  -1.4648625e+01  -1.3231227e+01
  -1.3454347e+01  -1.4179764e+01  -1.6566711e+01  -1.4040698e+01  -1.5265685e+01  -9.4478970e+00  -1.2888261e+01  -1.5814876e+01  -1.4862309e+01  -1.2812299e+01
  -1.2657883e+01  -1.4125353e+01  -1.6904327e+01  -1.3646564e+01  -1.4887020e+01  -9.1801990e+00  -1.3482261e+01  -1.5510127e+01  -1.5025463e+01  -1.2327300e+01
  -1.1854776e+01  -1.3970521e+01  -1.7158640e+01  -1.3176467e+01  -1.4418427e+01  -8.9841140e+00  -1.4062428e+01  -1.5125611e+01  -1.5137094e+01  -1.1776230e+01
  -1.1080770e+01  -1.3720069e+01  -1.7326847e+01  -1.2636144e+01  -1.3868863e+01  -8.8490710e+00  -1.4625301e+01  -1.4664396e+01  -1.5196543e+01  -1.1167660e+01
  -1.0369709e+01  -1.3380799e+01  -1.7404142e+01  -1.2039566e+01  -1.3251767e+01  -8.7655210e+00  -1.5164830e+01  -1.4127847e+01  -1.5202818e+01  -1.0518733e+01
  -9.7510100e+00  -1.2960712e+01  -1.7390926e+01  -1.1409667e+01  -1.2586778e+01  -8.7266450e+00  -1.5667612e+01  -1.3522780e+01  -1.5153607e+01  -9.8544480e+00
  -9.2427020e+00  -1.2470612e+01  -1.7281992e+01  -1.0773676e+01  -1.1899392e+01  -8.7303960e+00  -1.6117651e+01  -1.2858399e+01  -1.5044619e+01  -9.2062360e+00
  -8.8495310e+00  -1.1923299e+01  -1.7075739e+01  -1.0162050e+01  -1.1217175e+01  -8.7764340e+00  -1.6498520e+01  -1.2152431e+01  -1.4869576e+01  -8.6048090e+00
  -8.5648540e+00  -1.1335978e+01  -1.6768160e+01  -9.6023780e+00  -1.0568379e+01  -8.8674850e+00  -1.6795954e+01  -1.1431806e+01  -1.4622865e+01  -8.0780240e+00
  -8.3763340e+00  -1.0726652e+01  -1.6356853e+01  -9.1143670e+00  -9.9781590e+00  -9.0086670e+00  -1.7005194e+01  -1.0728906e+01  -1.4297879e+01  -7.6394530e+00
  -8.2684730e+00  -1.0117726e+01  -1.5844623e+01  -8.7087660e+00  -9.4644280e+00  -9.2033870e+00  -1.7126242e+01  -1.0078160e+01  -1.3889997e+01  -7.2965970e+00
  -8.2270360e+00  -9.5304050e+00  -1.5239477e+01  -8.3877250e+00  -9.0337360e+00  -9.4560810e+00  -1.7163853e+01  -9.5099090e+00  -1.3400537e+01  -7.0480260e+00
  -8.2381080e+00  -8.9858930e+00  -1.4556636e+01  -8.1465850e+00  -8.6836690e+00  -9.7704990e+00  -1.7120621e+01  -9.0411950e+00  -1.2838088e+01  -6.8894550e+00
  -8.2906150e+00  -8.5013930e+00  -1.3816524e+01  -7.9788990e+00  -8.4076810e+00  -1.0144937e+01  -1.7001736e+01  -8.6781550e+00  -1.2220815e+01  -6.8165980e+00
  -8.3791810e+00  -8.0873080e+00  -1.3047577e+01  -7.8771410e+00  -8.1985370e+00  -1.0576324e+01  -1.6808491e+01  -8.4156750e+00  -1.1577450e+01  -6.8248120e+00
  -8.5000100e+00  -7.7500390e+00  -1.2279831e+01  -7.8359360e+00  -8.0534790e+00  -1.1054430e+01  -1.6543482e+01  -8.2462560e+00  -1.0944323e+01  -6.9101700e+00
  -8.6540530e+00  -7.4899850e+00  -1.1544125e+01  -7.8509850e+00  -7.9721650e+00  -1.1563569e+01  -1.6209734e+01  -8.1613770e+00  -1.0358755e+01  -7.0698120e+00
  -8.8460520e+00  -7.3071470e+00  -1.0868492e+01  -7.9219290e+00  -7.9563160e+00  -1.2084644e+01  -1.5810276e+01  -8.1542180e+00  -9.8521210e+00  -7.2990970e+00
  -9.0832830e+00  -7.1991250e+00  -1.0273760e+01  -8.0494850e+00  -8.0079980e+00   0.0000000e+00  -1.5348131e+01  -8.2200080e+00  -9.4429180e+00  -7.5940970e+00
  -9.3708080e+00  -7.1635170e+00  -9.7715410e+00  -8.2350870e+00  -8.1289370e+00   0.0000000e+00  -1.4825463e+01  -8.3556800e+00  -9.1337850e+00  -7.9490960e+00
  -9.7095740e+00  -7.1971240e+00  -9.3634380e+00  -8.4787340e+00  -8.3222310e+00   0.0000000e+00  -1.4247458e+01  -8.5585050e+00  -8.9187800e+00  -8.3558810e+00
  -1.0093888e+01  -7.2951450e+00  -9.0434440e+00  -8.7754110e+00  -8.5868490e+00   0.0000000e+00  -1.3618873e+01  -8.8247350e+00  -8.7840300e+00  -8.8019500e+00
  -1.0509833e+01  -7.4539780e+00  -8.8007450e+00  -9.1175920e+00  -8.9196880e+00   0.0000000e+00  -1.2955270e+01  -9.1516410e+00  -8.7189670e+00  -9.2733780e+00
  -1.0938747e+01  -7.6680220e+00  -8.6265300e+00  -9.4948860e+00  -9.3121360e+00   0.0000000e+00  -1.2274374e+01  -9.5310430e+00  -8.7156650e+00   0.0000000e+00
   0.0000000e+00  -7.9348760e+00  -8.5155940e+00  -9.8947540e+00  -9.7500640e+00   0.0000000e+00  -1.1603421e+01  -9.9544200e+00  -8.7694980e+00   0.0000000e+00
   0.0000000e+00  -8.2525420e+00  -8.4659320e+00  -1.0303580e+01  -1.0213489e+01   0.0000000e+00  -1.0968783e+01  -1.0407112e+01  -8.8798080e+00   0.0000000e+00
   0.0000000e+00  -8.6226180e+00  -8.4791490e+00   0.0000000e+00   0.0000000e+00   0.0000000e+00  -1.0396399e+01  -1.0871394e+01  -9.0459340e+00   0.0000000e+00
   0.0000000e+00  -9.0475050e+00  -8.5544410e+00   0.0000000e+00   0.0000000e+00   0.0000000e+00  -9.9035600e+00   0.0000000e+00  -9.2655630e+00   0.0000000e+00
   0.0000000e+00  -9.5308060e+00  -8.6918110e+00   0.0000000e+00   0.0000000e+00   0.0000000e+00  -9.4980480e+00   0.0000000e+00  -9.5357240e+00   0.0000000e+00
   0.0000000e+00  -1.0069716e+01  -8.8904550e+00   0.0000000e+00   0.0000000e+00   0.0000000e+00  -9.1777030e+00   0.0000000e+00  -9.8498100e+00   0.0000000e+00
   0.0000000e+00  -1.0654237e+01  -9.1503750e+00   0.0000000e+00   0.0000000e+00   0.0000000e+00  -8.9351750e+00   0.0000000e+00  -1.0197253e+01   0.0000000e+00
   0.0000000e+00  -1.1263163e+01  -9.4723720e+00   0.0000000e+00   0.0000000e+00   0.0000000e+00  -8.7596550e+00   0.0000000e+00  -1.0566164e+01   0.0000000e+00
   0.0000000e+00   0.0000000e+00  -9.8556440e+00   0.0000000e+00   0.0000000e+00   0.0000000e+00  -8.6424970e+00   0.0000000e+00  -1.0943993e+01   0.0000000e+00
   0.0000000e+00   0.0000000e+00  -1.0293784e+01   0.0000000e+00   0.0000000e+00   0.0000000e+00  -8.5754890e+00   0.0000000e+00   0.0000000e+00   0.0000000e+00
   0.0000000e+00   0.0000000e+00  -1.0773975e+01   0.0000000e+00   0.0000000e+00   0.0000000e+00  -8.5590610e+00   0.0000000e+00   0.0000000e+00   0.0000000e+00
   0.0000000e+00   0.0000000e+00  -1.1277396e+01   0.0000000e+00   0.0000000e+00   0.0000000e+00  -8.5945100e+00   0.0000000e+00   0.0000000e+00   0.0000000e+00
   0.0000000e+00   0.0000000e+00   0.0000000e+00   0.0000000e+00   0.0000000e+00   0.0000000e+00  -8.6870260e+00   0.0000000e+00   0.0000000e+00   0.0000000e+00
   0.0000000e+00   0.0000000e+00   0.0000000e+00   0.0000000e+00   0.0000000e+00   0.0000000e+00  -8.8426590e+00   0.0000000e+00   0.0000000e+00   0.0000000e+00
   0.0000000e+00   0.0000000e+00   0.0000000e+00   0.0000000e+00   0.0000000e+00   0.0000000e+00  -9.0674630e+00   0.0000000e+00   0.0000000e+00   0.0000000e+00
   0.0000000e+00   0.0000000e+00   0.0000000e+00   0.0000000e+00   0.0000000e+00   0.0000000e+00  -9.3674890e+00   0.0000000e+00   0.0000000e+00   0.0000000e+00
   0.0000000e+00   0.0000000e+00   0.0000000e+00   0.0000000e+00   0.0000000e+00   0.0000000e+00  -9.7457650e+00   0.0000000e+00   0.0000000e+00   0.0000000e+00
   0.0000000e+00   0.0000000e+00   0.0000000e+00   0.0000000e+00   0.0000000e+00   0.0000000e+00  -1.0197102e+01   0.0000000e+00   0.0000000e+00   0.0000000e+00
   0.0000000e+00   0.0000000e+00   0.0000000e+00   0.0000000e+00   0.0000000e+00   0.0000000e+00  -1.0708961e+01   0.0000000e+00   0.0000000e+00   0.0000000e+00
   0.0000000e+00   0.0000000e+00   0.0000000e+00   0.0000000e+00   0.0000000e+00   0.0000000e+00  -1.1261028e+01   0.0000000e+00   0.0000000e+00   0.0000000e+00
   0.0000000e+00   0.0000000e+00   0.0000000e+00   0.0000000e+00   0.0000000e+00   0.0000000e+00  -1.1829089e+01   0.0000000e+00   0.0000000e+00   0.0000000e+00
